i m t s y z
1 1 2 3 9 605
2 3 2 2 7 48
2 3 2 2 7 48
2 3 2 2 7 48
3 4 2 2 18 2767
3 4 2 2 18 2767
3 4 2 2 18 2767
3 4 2 2 18 2767
4 12 2 4 6 209
4 12 2 4 6 203
4 12 2 4 6 188
4 12 2 4 6 189
4 12 2 4 6 189
4 12 2 4 6 176
4 12 2 4 6 252
4 12 2 4 6 233
4 12 2 4 6 229
4 12 2 4 6 229
4 12 2 4 6 230
4 12 2 4 6 218
5 3 2 4 8 1950
5 3 2 4 11 1950
5 3 2 4 15 1950
6 12 2 4 12 944
6 12 2 4 10 944
6 12 2 4 10 944
6 12 2 4 8 944
6 12 2 4 12 881
6 12 2 4 10 881
6 12 2 4 10 881
6 12 2 4 8 881
6 12 2 4 12 827
6 12 2 4 10 827
6 12 2 4 10 827
6 12 2 4 8 827
7 9 1 4 11 51
7 9 1 4 11 51
7 9 1 4 10 51
7 9 1 4 10 51
7 9 1 4 10 51
7 9 1 4 10 51
7 9 1 4 10 51
7 9 1 4 10 51
7 9 1 4 9 51
8 22 1 3 2 56
8 22 1 3 2 56
8 22 1 3 3 56
8 22 1 3 3 56
8 22 1 3 3 56
8 22 1 3 3 56
8 22 1 3 4 56
8 22 1 3 4 56
8 22 1 3 4 56
8 22 1 3 4 56
8 22 1 3 2 56
8 22 1 3 2 56
8 22 1 3 3 56
8 22 1 3 3 56
8 22 1 3 3 56
8 22 1 3 3 56
8 22 1 3 3 56
8 22 1 3 3 56
8 22 1 3 4 56
8 22 1 3 4 56
8 22 1 3 4 56
8 22 1 3 4 56
9 2 11 5 43 446
9 2 11 5 24 200
10 24 11 5 4 50
10 24 11 5 2 25
10 24 11 5 4 34
10 24 11 5 2 17
10 24 11 5 4 48
10 24 11 5 2 24
10 24 11 5 4 48
10 24 11 5 2 24
10 24 11 5 4 42
10 24 11 5 2 21
10 24 11 5 4 42
10 24 11 5 2 21
10 24 11 5 4 28
10 24 11 5 2 14
10 24 11 5 4 28
10 24 11 5 2 14
10 24 11 5 4 30
10 24 11 5 4 30
10 24 11 5 2 15
10 24 11 5 2 15
10 24 11 5 4 26
10 24 11 5 4 26
10 24 11 5 2 13
10 24 11 5 2 13
11 17 11 4 34 4306
11 17 11 4 34 2829
11 17 11 4 34 2598
11 17 11 4 34 1385
11 17 11 4 34 1476
11 17 11 4 2 4307
11 17 11 4 2 2830
11 17 11 4 2 2593
11 17 11 4 2 1386
11 17 11 4 2 1477
11 17 11 4 2 79
11 17 11 4 2 65
11 17 11 4 2 61
11 17 11 4 2 121
11 17 11 4 24 79
11 17 11 4 24 65
11 17 11 4 24 61
12 13 11 4 7 99
12 13 11 4 6 99
12 13 11 4 5 99
12 13 11 4 4 99
12 13 11 4 4 99
12 13 11 4 3 99
12 13 11 4 3 99
12 13 11 4 7 83
12 13 11 4 6 83
12 13 11 4 6 83
12 13 11 4 5 83
12 13 11 4 3 83
12 13 11 4 3 83
13 4 11 3 7 1023
13 4 11 3 5 1023
13 4 11 3 5 1023
13 4 11 3 7 1023
14 9 14 3 6 595
14 9 14 3 5 389
14 9 14 3 5 206
14 9 14 3 6 595
14 9 14 3 6 515
14 9 14 3 7 595
14 9 14 3 7 389
14 9 14 3 7 206
14 9 14 3 8 136
15 1 14 3 11 20544
16 1 9 2 4 40890
17 21 9 3 4 2136
17 21 9 3 5 2136
17 21 9 3 6 2136
17 21 9 3 6 2136
17 21 9 3 6 2136
17 21 9 3 7 2136
17 21 9 3 8 2136
17 21 9 3 8 2136
17 21 9 3 5 2136
17 21 9 3 5 1395
17 21 9 3 6 1395
17 21 9 3 6 1395
17 21 9 3 8 1395
17 21 9 3 8 1395
17 21 9 3 12 1395
17 21 9 3 12 1735
17 21 9 3 6 1735
17 21 9 3 8 1735
17 21 9 3 8 1735
17 21 9 3 7 1735
17 21 9 3 9 1735
18 4 9 3 3 884
18 4 9 3 12 884
18 4 9 3 24 884
18 4 9 3 6 884
19 2 8 1 270 124653
19 2 8 1 174 124633
20 2 8 2 48 4996
20 2 8 2 48 4996
21 19 0 3 4 17
21 19 0 3 4 12
21 19 0 3 4 22
21 19 0 3 4 8
21 19 0 3 4 15
21 19 0 3 4 19
21 19 0 3 4 15
21 19 0 3 4 18
21 19 0 3 4 16
21 19 0 3 3 14
21 19 0 3 3 19
21 19 0 3 3 10
21 19 0 3 3 10
21 19 0 3 5 17
21 19 0 3 22 256
21 19 0 3 6 256
21 19 0 3 30 256
21 19 0 3 27 256
21 19 0 3 22 256
22 5 1 2 3 2403
22 5 1 2 4 2403
22 5 1 2 5 2403
22 5 1 2 4 2403
22 5 1 2 9 2403
23 4 3 1 20 5765
23 4 3 1 36 5765
23 4 3 1 8 5765
23 4 3 1 16 5765
24 4 2 3 4 154
24 4 2 3 4 154
24 4 2 3 5 125
24 4 2 3 5 125
25 2 2 2 96 4505
25 2 2 2 12 5075
26 2 1 3 3 168
26 2 1 3 4 168
27 7 1 3 4 11
27 7 1 3 4 11
27 7 1 3 5 11
27 7 1 3 5 11
27 7 1 3 3 11
27 7 1 3 2 11
27 7 1 3 3 11
28 3 1 2 25 10029
28 3 1 2 25 10029
28 3 1 2 65 10029
29 9 2 2 8 390
29 9 2 2 5 390
29 9 2 2 6 390
29 9 2 2 6 390
29 9 2 2 6 390
29 9 2 2 7 390
29 9 2 2 7 390
29 9 2 2 7 390
29 9 2 2 7 390
30 13 3 3 4 28
30 13 3 3 4 28
30 13 3 3 4 28
30 13 3 3 4 28
30 13 3 3 4 28
30 13 3 3 3 28
30 13 3 3 3 28
30 13 3 3 3 28
30 13 3 3 5 34
30 13 3 3 3 28
30 13 3 3 5 34
30 13 3 3 5 34
30 13 3 3 5 34
31 1 2 5 14 874
32 1 1 2 10 2559
33 2 2 2 16 412
33 2 2 2 24 405
34 5 4 2 6 1039
34 5 4 2 7 1039
34 5 4 2 7 771
34 5 4 2 8 1039
34 5 4 2 7 179
35 1 4 5 7 32997
36 2 4 5 6 66
36 2 4 5 6 66
37 2 4 2 28 4914
37 2 4 2 23 4914
38 1 4 1 80 1900
39 2 4 3 9 861
39 2 4 3 21 861
40 3 4 2 11 645
40 3 4 2 20 645
40 3 4 2 26 645
41 12 4 3 11 270
41 12 4 3 11 270
41 12 4 3 11 270
41 12 4 3 11 270
41 12 4 3 11 270
41 12 4 3 11 270
41 12 4 3 11 270
41 12 4 3 11 270
41 12 4 3 11 270
41 12 4 3 11 270
41 12 4 3 11 270
41 12 4 3 11 270
42 1 4 2 40 9700
43 10 4 4 9 80
43 10 4 4 9 80
43 10 4 4 8 80
43 10 4 4 8 80
43 10 4 4 7 80
43 10 4 4 8 59
43 10 4 4 8 59
43 10 4 4 9 59
43 10 4 4 9 59
43 10 4 4 9 59
44 5 4 2 22 1624
44 5 4 2 24 1624
44 5 4 2 26 1624
44 5 4 2 16 1624
44 5 4 2 16 1624
45 2 3 4 57 24627
45 2 3 4 212 24627
46 2 4 2 42 16667
46 2 4 2 70 10321
47 4 3 2 20 5765
47 4 3 2 20 5765
47 4 3 2 36 5765
47 4 3 2 36 5765
48 2 5 1 29 2000
48 2 5 1 58 2000
49 1 5 1 25 304940
50 2 5 5 72 16704
50 2 5 5 11 323
51 1 6 2 27 976
52 2 6 2 24 516
52 2 6 2 18 516
53 10 6 2 12 526096
53 10 6 2 12 536166
53 10 6 2 12 536166
53 10 6 2 12 461490
53 10 6 2 12 446486
53 10 6 2 6 515435
53 10 6 2 6 536166
53 10 6 2 6 536166
53 10 6 2 6 446486
53 10 6 2 6 461490
54 4 6 2 7 943
54 4 6 2 8 943
54 4 6 2 16 1157
54 4 6 2 18 1157
55 2 6 2 8 8466
55 2 6 2 7 8466
56 1 6 3 20 1026
57 1 5 1 215 7349
58 3 6 3 8 2452
58 3 6 3 12 2452
58 3 6 3 16 2452
59 3 5 2 46 634
59 3 5 2 26 333
59 3 5 2 32 519
60 14 5 4 8 56
60 14 5 4 3 56
60 14 5 4 7 56
60 14 5 4 14 56
60 14 5 4 10 56
60 14 5 4 8 88
60 14 5 4 8 88
60 14 5 4 8 88
60 14 5 4 6 88
60 14 5 4 8 56
60 14 5 4 7 88
60 14 5 4 5 88
60 14 5 4 14 88
60 14 5 4 8 88
61 8 5 2 29 1140
61 8 5 2 21 1140
61 8 5 2 45 1140
61 8 5 2 45 1140
61 8 5 2 18 993
61 8 5 2 30 993
61 8 5 2 28 1140
61 8 5 2 29 620
62 6 5 2 4 3040
62 6 5 2 7 3040
62 6 5 2 8 3040
62 6 5 2 10 3040
62 6 5 2 8 3040
62 6 5 2 46 3040
63 1 6 2 27 976
64 1 7 1 12 1562
65 1 7 3 7 6320
66 3 7 2 11 1996
66 3 7 2 9 1996
66 3 7 2 9 1996
67 11 7 3 14 39
67 11 7 3 14 51
67 11 7 3 14 67
67 11 7 3 19 253
67 11 7 3 19 156
67 11 7 3 16 464
67 11 7 3 16 292
67 11 7 3 16 111
67 11 7 3 18 613
67 11 7 3 18 507
67 11 7 3 18 293
68 2 8 2 11 12163
68 2 8 2 33 12163
69 1 8 2 132 13947
70 2 8 2 140 11973
70 2 8 2 28 371
71 6 8 3 16 33878
71 6 8 3 10 6366
71 6 8 3 11 6366
71 6 8 3 8 33878
71 6 8 3 8 33878
71 6 8 3 12 33878
72 2 9 3 86 15183
72 2 9 3 38 15183
73 1 9 2 21 533
74 2 9 3 51 159
74 2 9 3 37 159
75 3 9 5 14 1326
75 3 9 5 14 741
75 3 9 5 14 2250
76 3 10 5 6 2674
76 3 10 5 5 2226
76 3 10 5 4 2226
77 4 10 3 2 8248
77 4 10 3 2 8248
77 4 10 3 5 8248
77 4 10 3 5 8248
78 2 10 1 14 2115
78 2 10 1 14 397
79 1 10 5 54 40665
80 4 10 1 31 764
80 4 10 1 31 2904
80 4 10 1 30 880
80 4 10 1 30 3568
81 13 11 4 10 149
81 13 11 4 10 149
81 13 11 4 10 149
81 13 11 4 13 149
81 13 11 4 13 149
81 13 11 4 13 149
81 13 11 4 11 149
81 13 11 4 11 149
81 13 11 4 11 149
81 13 11 4 14 149
81 13 11 4 14 149
81 13 11 4 14 149
81 13 11 4 12 149
82 2 6 3 75 973
82 2 6 3 26 973
83 6 7 2 11 2172
83 6 7 2 11 2172
83 6 7 2 12 2172
83 6 7 2 18 2172
83 6 7 2 4 2172
83 6 7 2 5 2172
84 1 7 2 3 5100
85 26 7 3 3 2062
85 26 7 3 4 2062
85 26 7 3 4 2062
85 26 7 3 5 2062
85 26 7 3 5 2062
85 26 7 3 6 2062
85 26 7 3 5 2062
85 26 7 3 6 2062
85 26 7 3 7 2062
85 26 7 3 4 1362
85 26 7 3 5 1362
85 26 7 3 5 1362
85 26 7 3 7 1362
85 26 7 3 7 1362
85 26 7 3 11 2062
85 26 7 3 12 2062
85 26 7 3 13 2062
85 26 7 3 12 2062
85 26 7 3 12 2062
85 26 7 3 10 1362
85 26 7 3 11 1362
85 26 7 3 13 1362
85 26 7 3 9 1362
85 26 7 3 8 1362
85 26 7 3 9 1362
85 26 7 3 9 1362
86 3 7 5 10 3567
86 3 7 5 10 3567
86 3 7 5 60 3567
87 1 8 2 5 1281
88 18 9 3 9 36245
88 18 9 3 11 36245
88 18 9 3 12 36245
88 18 9 3 8 34321
88 18 9 3 10 1924
88 18 9 3 11 439
88 18 9 3 10 1485
88 18 9 3 10 1485
88 18 9 3 10 1924
88 18 9 3 11 1924
88 18 9 3 12 1924
88 18 9 3 9 1924
88 18 9 3 11 1924
88 18 9 3 14 1924
88 18 9 3 13 1924
88 18 9 3 13 1485
88 18 9 3 11 805
88 18 9 3 12 805
89 2 9 4 6 42
89 2 9 4 6 42
90 1 9 4 16 95132
91 2 10 3 11 2500
91 2 10 3 8 2500
92 4 10 2 15 6190
92 4 10 2 15 6190
92 4 10 2 15 6190
92 4 10 2 15 6190
93 4 10 2 15 3611
93 4 10 2 12 3611
93 4 10 2 14 3611
93 4 10 2 11 3611
94 3 10 3 40 1584
94 3 10 3 40 1584
94 3 10 3 44 1584
95 2 10 2 4 799
95 2 10 2 4 799
96 7 10 2 3 7492
96 7 10 2 3 7492
96 7 10 2 3 7492
96 7 10 2 3 7492
96 7 10 2 3 7492
96 7 10 2 3 7492
96 7 10 2 4 7492
97 7 10 3 10 2139
97 7 10 3 12 2139
97 7 10 3 10 803
97 7 10 3 16 857
97 7 10 3 24 789
97 7 10 3 33 789
97 7 10 3 22 857
98 12 10 2 7 608
98 12 10 2 7 608
98 12 10 2 7 608
98 12 10 2 7 608
98 12 10 2 7 608
98 12 10 2 7 608
98 12 10 2 7 608
98 12 10 2 7 608
98 12 10 2 7 608
98 12 10 2 7 608
98 12 10 2 7 608
98 12 10 2 7 608
99 4 10 2 30 5683
99 4 10 2 51 5683
99 4 10 2 30 18712
99 4 10 2 30 4391
100 9 11 3 8 18332
100 9 11 3 15 18332
100 9 11 3 9 5955
100 9 11 3 9 19529
100 9 11 3 12 19529
100 9 11 3 19 19529
100 9 11 3 10 1197
100 9 11 3 17 1197
100 9 11 3 19 1197
101 3 11 3 7 5940
101 3 11 3 7 5940
101 3 11 3 7 5940
102 8 11 3 17 21681
102 8 11 3 17 8177
102 8 11 3 16 4520
102 8 11 3 17 2026
102 8 11 3 8 21408
102 8 11 3 9 21408
102 8 11 3 9 12812
102 8 11 3 9 12812
103 18 9 2 2 790509
103 18 9 2 2 26291
103 18 9 2 4 26291
103 18 9 2 4 790509
103 18 9 2 6 790509
103 18 9 2 6 1140665
103 18 9 2 6 40248
103 18 9 2 2 42199
103 18 9 2 2 1966052
103 18 9 2 4 1966052
103 18 9 2 4 42199
103 18 9 2 6 42199
103 18 9 2 6 1966052
103 18 9 2 6 26291
103 18 9 2 2 1140665
103 18 9 2 2 40248
103 18 9 2 4 40248
103 18 9 2 4 1140665
104 4 6 2 8 8466
104 4 6 2 7 8466
104 4 6 2 12 8200
104 4 6 2 12 6550
105 4 6 2 7 943
105 4 6 2 8 943
105 4 6 2 16 1157
105 4 6 2 18 1157
106 1 6 3 8 440
107 2 6 3 4 5055
107 2 6 3 14 5055
108 2 7 2 10 3626
108 2 7 2 10 3626
109 3 7 2 8 3626
109 3 7 2 8 3626
109 3 7 2 12 3626
110 4 7 3 8 730
110 4 7 3 16 730
110 4 7 3 22 730
110 4 7 3 30 730
111 2 6 1 48 25524
111 2 6 1 44 53678
112 1 7 1 63 29770
113 1 7 5 73 36894
114 3 7 2 8 251
114 3 7 2 8 251
114 3 7 2 10 251
115 2 7 5 8 514
115 2 7 5 32 4793
116 2 7 3 24 3000
116 2 7 3 46 3000
117 1 7 3 26 266
118 2 7 1 5 1977
118 2 7 1 5 1977
119 1 7 2 11 2478
120 9 7 3 3 729
120 9 7 3 3 729
120 9 7 3 3 729
120 9 7 3 3 1174
120 9 7 3 3 1174
120 9 7 3 3 1174
120 9 7 3 14 1174
120 9 7 3 14 1174
120 9 7 3 14 1174
121 4 7 2 26 3595
121 4 7 2 26 3157
121 4 7 2 25 3595
121 4 7 2 25 3157
122 1 7 5 24 3250
123 1 8 3 78 50000
124 12 8 2 11 1424
124 12 8 2 11 1424
124 12 8 2 12 1424
124 12 8 2 12 1424
124 12 8 2 12 1424
124 12 8 2 13 1424
124 12 8 2 13 1424
124 12 8 2 13 1424
124 12 8 2 13 1424
124 12 8 2 12 1424
124 12 8 2 13 1424
124 12 8 2 15 1424
125 3 8 2 45 24084
125 3 8 2 19 1398
125 3 8 2 19 849
126 2 8 2 28 1049
126 2 8 2 30 1049
127 1 8 5 10 8736
128 1 9 3 6 94
129 2 9 5 14 969
129 2 9 5 15 969
130 16 9 5 35 866
130 16 9 5 18 1394
130 16 9 5 5 648
130 16 9 5 5 648
130 16 9 5 5 162
130 16 9 5 5 162
130 16 9 5 7 648
130 16 9 5 7 648
130 16 9 5 5 923
130 16 9 5 5 923
130 16 9 5 6 923
130 16 9 5 6 923
130 16 9 5 7 923
130 16 9 5 7 923
130 16 9 5 8 923
130 16 9 5 8 923
131 1 9 1 28 5145
132 2 9 2 28 4673
132 2 9 2 28 3269
133 2 9 3 5 62411
133 2 9 3 240 60998
134 4 9 5 12 306
134 4 9 5 11 306
134 4 9 5 22 306
134 4 9 5 12 153
135 1 9 2 32 4178
136 2 9 3 27 909
136 2 9 3 28 955
137 1 9 4 22 3003
138 1 10 1 56 5212
139 2 10 4 10 1873
139 2 10 4 11 1873
140 1 10 3 23 3824
141 1 10 3 40 1814
142 2 10 2 4 38162
142 2 10 2 4 41150
143 4 10 5 15 524
143 4 10 5 15 524
143 4 10 5 18 524
143 4 10 5 17 524
144 4 10 3 32 5212
144 4 10 3 40 5212
144 4 10 3 68 5212
144 4 10 3 84 5212
145 7 11 2 13 714
145 7 11 2 13 714
145 7 11 2 13 714
145 7 11 2 15 658
145 7 11 2 15 658
145 7 11 2 14 413
145 7 11 2 14 413
146 1 11 4 84 1672
147 2 11 2 24 8458
147 2 11 2 24 7180
148 2 11 2 14 26204
148 2 11 2 14 27729
149 2 11 2 28 930
149 2 11 2 28 1444
150 2 11 2 20 689
150 2 11 2 22 689
151 2 11 2 28 1784
151 2 11 2 33 1784
152 1 11 3 18 187
153 2 11 5 32 29598
153 2 11 5 32 14778
154 6 11 3 12 3862
154 6 11 3 15 3862
154 6 11 3 15 3862
154 6 11 3 21 3721
154 6 11 3 27 3721
154 6 11 3 27 3721
155 34 6 5 10 8242
155 34 6 5 20 8242
155 34 6 5 5 5845
155 34 6 5 6 5845
155 34 6 5 6 5845
155 34 6 5 7 5845
155 34 6 5 9 5845
155 34 6 5 9 5845
155 34 6 5 10 5845
155 34 6 5 6 5845
155 34 6 5 11 5845
155 34 6 5 7 5845
155 34 6 5 12 5845
155 34 6 5 8 5845
155 34 6 5 11 5845
155 34 6 5 5 8747
155 34 6 5 6 8747
155 34 6 5 6 8747
155 34 6 5 7 8747
155 34 6 5 8 8747
155 34 6 5 6 8747
155 34 6 5 6 8747
155 34 6 5 8 8747
155 34 6 5 9 8747
155 34 6 5 10 8747
155 34 6 5 11 8747
155 34 6 5 12 8747
155 34 6 5 11 8747
155 34 6 5 5 5845
155 34 6 5 6 5845
155 34 6 5 7 5845
155 34 6 5 7 5845
155 34 6 5 6 5845
155 34 6 5 8 5845
156 1 6 3 20 1026
